LSOA11CD,clusters_2011_cleanup_Commercial,clusters_2011_cleanup_Estates,clusters_2011_cleanup_High-density,clusters_2011_cleanup_Low-density,clusters_2011_cleanup_Open green space,clusters_2011_cleanup_Other green,clusters_2011_cleanup_Terraced,count,lsoa
E01000001,0.4857142857142857,0.0,0.42857142857142855,0.0,0.02857142857142857,0.0,0.05714285714285714,35,E01000001
E01000002,0.5,0.0,0.5,0.0,0.0,0.0,0.0,20,E01000002
E01000003,0.09090909090909091,0.0,0.9090909090909091,0.0,0.0,0.0,0.0,11,E01000003
E01000005,0.660377358490566,0.018867924528301886,0.24528301886792453,0.02830188679245283,0.009433962264150943,0.03773584905660377,0.0,106,E01000005
E01000006,0.0,0.0,0.051094890510948905,0.6277372262773723,0.029197080291970802,0.051094890510948905,0.24087591240875914,137,E01000006
E01000007,0.14516129032258066,0.0967741935483871,0.13709677419354838,0.14516129032258066,0.1935483870967742,0.2661290322580645,0.016129032258064516,124,E01000007
E01000008,0.023255813953488372,0.03488372093023256,0.06976744186046512,0.03488372093023256,0.2441860465116279,0.5930232558139535,0.0,86,E01000008
E01000009,0.12612612612612611,0.036036036036036036,0.04504504504504504,0.15315315315315314,0.0,0.06306306306306306,0.5765765765765766,111,E01000009
E01000010,0.21666666666666667,0.075,0.15,0.04583333333333333,0.09166666666666666,0.3,0.12083333333333333,240,E01000010
E01000011,0.03,0.0,0.01,0.1,0.0,0.01,0.85,100,E01000011
E01000012,0.03614457831325301,0.012048192771084338,0.3855421686746988,0.2289156626506024,0.012048192771084338,0.10843373493975904,0.21686746987951808,83,E01000012
E01000013,0.10638297872340426,0.03723404255319149,0.031914893617021274,0.5851063829787234,0.02127659574468085,0.2127659574468085,0.005319148936170213,188,E01000013
E01000014,0.0,0.004545454545454545,0.04090909090909091,0.5227272727272727,0.19090909090909092,0.2318181818181818,0.00909090909090909,220,E01000014
E01000015,0.0,0.011976047904191617,0.011976047904191617,0.6706586826347305,0.08982035928143713,0.20958083832335328,0.005988023952095809,167,E01000015
E01000016,0.02976190476190476,0.011904761904761904,0.017857142857142856,0.6964285714285714,0.017857142857142856,0.2261904761904762,0.0,168,E01000016
E01000017,0.0,0.006134969325153374,0.012269938650306749,0.6380368098159509,0.0,0.34355828220858897,0.0,163,E01000017
E01000018,0.0,0.012903225806451613,0.03870967741935484,0.7032258064516129,0.0,0.24516129032258063,0.0,155,E01000018
E01000019,0.0,0.07947019867549669,0.026490066225165563,0.6754966887417219,0.026490066225165563,0.19205298013245034,0.0,151,E01000019
E01000020,0.0,0.042682926829268296,0.06097560975609756,0.5975609756097561,0.0,0.29878048780487804,0.0,164,E01000020
E01000021,0.061946902654867256,0.05309734513274336,0.017699115044247787,0.45132743362831856,0.035398230088495575,0.37168141592920356,0.008849557522123894,113,E01000021
E01000022,0.0,0.05,0.04375,0.61875,0.0,0.2875,0.0,160,E01000022
E01000023,0.04918032786885246,0.03278688524590164,0.06557377049180328,0.38524590163934425,0.02459016393442623,0.4344262295081967,0.00819672131147541,122,E01000023
E01000024,0.0,0.09448818897637795,0.047244094488188976,0.5039370078740157,0.0,0.3464566929133858,0.007874015748031496,127,E01000024
E01000025,0.0,0.04424778761061947,0.035398230088495575,0.6106194690265486,0.017699115044247787,0.2920353982300885,0.0,113,E01000025
E01000027,0.004210526315789474,0.018947368421052633,0.014736842105263158,0.20842105263157895,0.40842105263157896,0.3452631578947368,0.0,475,E01000027
E01000028,0.0,0.18888888888888888,0.12222222222222222,0.36666666666666664,0.08888888888888889,0.23333333333333334,0.0,90,E01000028
E01000029,0.0,0.014598540145985401,0.0,0.6386861313868614,0.06569343065693431,0.2737226277372263,0.0072992700729927005,274,E01000029
E01000030,0.0036363636363636364,0.06181818181818182,0.025454545454545455,0.29454545454545455,0.12363636363636364,0.48363636363636364,0.007272727272727273,275,E01000030
E01000031,0.003472222222222222,0.003472222222222222,0.017361111111111112,0.40625,0.2534722222222222,0.25,0.06597222222222222,288,E01000031
E01000032,0.07407407407407407,0.004629629629629629,0.027777777777777776,0.6018518518518519,0.009259259259259259,0.19907407407407407,0.08333333333333333,216,E01000032
E01000033,0.0,0.08333333333333333,0.06481481481481481,0.5740740740740741,0.0,0.2777777777777778,0.0,108,E01000033
E01000034,0.0,0.012,0.04,0.476,0.184,0.284,0.004,250,E01000034
E01000035,0.032432432432432434,0.03783783783783784,0.07027027027027027,0.43783783783783786,0.021621621621621623,0.32972972972972975,0.07027027027027027,185,E01000035
E01000036,0.012048192771084338,0.0,0.07228915662650602,0.5783132530120482,0.04216867469879518,0.1144578313253012,0.18072289156626506,166,E01000036
E01000037,0.004329004329004329,0.004329004329004329,0.004329004329004329,0.7878787878787878,0.004329004329004329,0.17316017316017315,0.021645021645021644,231,E01000037
E01000038,0.03508771929824561,0.013157894736842105,0.0043859649122807015,0.7324561403508771,0.013157894736842105,0.18421052631578946,0.017543859649122806,228,E01000038
E01000039,0.004464285714285714,0.004464285714285714,0.044642857142857144,0.375,0.36607142857142855,0.20535714285714285,0.0,224,E01000039
E01000040,0.032520325203252036,0.008130081300813009,0.0975609756097561,0.6585365853658537,0.0,0.14634146341463414,0.056910569105691054,123,E01000040
E01000041,0.0,0.028169014084507043,0.056338028169014086,0.676056338028169,0.04225352112676056,0.18309859154929578,0.014084507042253521,71,E01000041
E01000042,0.0,0.06875,0.05,0.45625,0.1,0.325,0.0,160,E01000042
E01000043,0.0,0.01875,0.0125,0.63125,0.05,0.28125,0.00625,160,E01000043
E01000044,0.006535947712418301,0.006535947712418301,0.0392156862745098,0.1895424836601307,0.0392156862745098,0.09803921568627451,0.6209150326797386,153,E01000044
E01000045,0.0776255707762557,0.0228310502283105,0.0410958904109589,0.3744292237442922,0.0365296803652968,0.4429223744292237,0.0045662100456621,219,E01000045
E01000046,0.0,0.04032258064516129,0.08870967741935484,0.5403225806451613,0.07258064516129033,0.25806451612903225,0.0,124,E01000046
E01000048,0.0,0.13043478260869565,0.5217391304347826,0.0,0.0,0.30434782608695654,0.043478260869565216,23,E01000048
E01000049,0.0,0.020202020202020204,0.1919191919191919,0.3333333333333333,0.1717171717171717,0.1919191919191919,0.09090909090909091,99,E01000049
E01000050,0.0423728813559322,0.059322033898305086,0.0847457627118644,0.19491525423728814,0.05084745762711865,0.1694915254237288,0.3983050847457627,118,E01000050
E01000051,0.058823529411764705,0.11764705882352941,0.29411764705882354,0.058823529411764705,0.0,0.47058823529411764,0.0,17,E01000051
E01000052,0.008888888888888889,0.0044444444444444444,0.07111111111111111,0.39111111111111113,0.1288888888888889,0.1688888888888889,0.22666666666666666,225,E01000052
E01000053,0.039735099337748346,0.019867549668874173,0.09271523178807947,0.33112582781456956,0.11258278145695365,0.3973509933774834,0.006622516556291391,151,E01000053
E01000054,0.0,0.0392156862745098,0.0196078431372549,0.7450980392156863,0.026143790849673203,0.16993464052287582,0.0,153,E01000054
E01000055,0.0,0.03875968992248062,0.06201550387596899,0.5348837209302325,0.07751937984496124,0.2868217054263566,0.0,129,E01000055
E01000056,0.0,0.017857142857142856,0.05952380952380952,0.5119047619047619,0.08928571428571429,0.32142857142857145,0.0,168,E01000056
E01000057,0.07766990291262135,0.019417475728155338,0.10679611650485436,0.5242718446601942,0.019417475728155338,0.2524271844660194,0.0,103,E01000057
E01000058,0.0,0.06451612903225806,0.18548387096774194,0.5645161290322581,0.0,0.18548387096774194,0.0,124,E01000058
E01000059,0.0,0.027210884353741496,0.05442176870748299,0.6394557823129252,0.027210884353741496,0.25170068027210885,0.0,147,E01000059
E01000060,0.011764705882352941,0.16862745098039217,0.054901960784313725,0.27058823529411763,0.08235294117647059,0.4117647058823529,0.0,255,E01000060
E01000061,0.006896551724137931,0.0896551724137931,0.13793103448275862,0.020689655172413793,0.23448275862068965,0.5103448275862069,0.0,145,E01000061
E01000062,0.0,0.09433962264150944,0.08679245283018867,0.5547169811320755,0.0,0.26037735849056604,0.0037735849056603774,265,E01000062
E01000063,0.0,0.01092896174863388,0.03278688524590164,0.6666666666666666,0.0,0.2896174863387978,0.0,183,E01000063
E01000064,0.06806282722513089,0.05235602094240838,0.041884816753926704,0.5968586387434555,0.015706806282722512,0.21465968586387435,0.010471204188481676,191,E01000064
E01000065,0.028169014084507043,0.014084507042253521,0.046948356807511735,0.45539906103286387,0.04225352112676056,0.4131455399061033,0.0,213,E01000065
E01000066,0.0,0.06506849315068493,0.023972602739726026,0.5582191780821918,0.13356164383561644,0.14726027397260275,0.07191780821917808,292,E01000066
E01000067,0.0036231884057971015,0.06159420289855073,0.05434782608695652,0.5253623188405797,0.028985507246376812,0.2318840579710145,0.09420289855072464,276,E01000067
E01000068,0.008064516129032258,0.0,0.024193548387096774,0.4838709677419355,0.10483870967741936,0.1693548387096774,0.20967741935483872,124,E01000068
E01000069,0.010309278350515464,0.0,0.010309278350515464,0.7164948453608248,0.020618556701030927,0.15979381443298968,0.08247422680412371,194,E01000069
E01000070,0.04,0.013333333333333334,0.013333333333333334,0.5466666666666666,0.11555555555555555,0.17777777777777778,0.09333333333333334,225,E01000070
E01000071,0.009259259259259259,0.032407407407407406,0.018518518518518517,0.5046296296296297,0.07407407407407407,0.26851851851851855,0.09259259259259259,216,E01000071
E01000072,0.06329113924050633,0.04430379746835443,0.06329113924050633,0.47468354430379744,0.08860759493670886,0.26582278481012656,0.0,158,E01000072
E01000073,0.0,0.05806451612903226,0.05161290322580645,0.6129032258064516,0.05806451612903226,0.21935483870967742,0.0,155,E01000073
E01000074,0.0,0.04225352112676056,0.07042253521126761,0.6901408450704225,0.0,0.19718309859154928,0.0,142,E01000074
E01000075,0.025089605734767026,0.007168458781362007,0.03225806451612903,0.41935483870967744,0.25806451612903225,0.25806451612903225,0.0,279,E01000075
E01000076,0.0,0.03205128205128205,0.038461538461538464,0.6987179487179487,0.01282051282051282,0.21794871794871795,0.0,156,E01000076
E01000077,0.0392156862745098,0.026143790849673203,0.08496732026143791,0.5490196078431373,0.006535947712418301,0.2875816993464052,0.006535947712418301,153,E01000077
E01000078,0.02564102564102564,0.04487179487179487,0.03205128205128205,0.5961538461538461,0.0,0.30128205128205127,0.0,156,E01000078
E01000079,0.0,0.01932367149758454,0.033816425120772944,0.5507246376811594,0.08695652173913043,0.30917874396135264,0.0,207,E01000079
E01000080,0.0,0.006289308176100629,0.018867924528301886,0.6289308176100629,0.006289308176100629,0.32075471698113206,0.018867924528301886,159,E01000080
E01000081,0.0,0.005376344086021506,0.021505376344086023,0.7311827956989247,0.010752688172043012,0.23118279569892472,0.0,186,E01000081
E01000082,0.011834319526627219,0.023668639053254437,0.08875739644970414,0.591715976331361,0.011834319526627219,0.27218934911242604,0.0,169,E01000082
E01000083,0.027624309392265192,0.06077348066298342,0.011049723756906077,0.5359116022099447,0.0055248618784530384,0.35359116022099446,0.0055248618784530384,181,E01000083
E01000084,0.0979020979020979,0.04895104895104895,0.06293706293706294,0.5104895104895105,0.013986013986013986,0.26573426573426573,0.0,143,E01000084
E01000085,0.044585987261146494,0.03821656050955414,0.08917197452229299,0.6242038216560509,0.006369426751592357,0.17834394904458598,0.01910828025477707,157,E01000085
E01000086,0.0,0.03787878787878788,0.14393939393939395,0.6287878787878788,0.007575757575757576,0.17424242424242425,0.007575757575757576,132,E01000086
E01000087,0.031578947368421054,0.021052631578947368,0.05263157894736842,0.45263157894736844,0.06315789473684211,0.3736842105263158,0.005263157894736842,190,E01000087
E01000088,0.0,0.0,0.015037593984962405,0.7593984962406015,0.06015037593984962,0.10526315789473684,0.06015037593984962,133,E01000088
E01000089,0.0,0.0,0.0,0.8396946564885496,0.06870229007633588,0.03816793893129771,0.05343511450381679,131,E01000089
E01000090,0.007894736842105263,0.0,0.021052631578947368,0.29473684210526313,0.2578947368421053,0.40789473684210525,0.010526315789473684,380,E01000090
E01000091,0.0,0.08823529411764706,0.058823529411764705,0.40441176470588236,0.04411764705882353,0.40441176470588236,0.0,136,E01000091
E01000092,0.01762114537444934,0.028634361233480177,0.05286343612334802,0.2290748898678414,0.2555066079295154,0.3766519823788546,0.039647577092511016,454,E01000092
E01000093,0.0,0.1038961038961039,0.07792207792207792,0.2987012987012987,0.07792207792207792,0.44155844155844154,0.0,154,E01000093
E01000094,0.0,0.03278688524590164,0.03825136612021858,0.21311475409836064,0.44808743169398907,0.26229508196721313,0.00546448087431694,183,E01000094
E01000095,0.00922509225092251,0.01107011070110701,0.02952029520295203,0.19557195571955718,0.3210332103321033,0.43357933579335795,0.0,542,E01000095
E01000096,0.029411764705882353,0.052941176470588235,0.052941176470588235,0.11176470588235295,0.2235294117647059,0.5294117647058824,0.0,170,E01000096
E01000097,0.0,0.07692307692307693,0.04945054945054945,0.46153846153846156,0.016483516483516484,0.3901098901098901,0.005494505494505495,182,E01000097
E01000098,0.06521739130434782,0.08695652173913043,0.05434782608695652,0.532608695652174,0.005434782608695652,0.2554347826086957,0.0,184,E01000098
E01000099,0.0,0.03056768558951965,0.008733624454148471,0.5633187772925764,0.034934497816593885,0.3624454148471616,0.0,229,E01000099
E01000100,0.0,0.018633540372670808,0.018633540372670808,0.577639751552795,0.055900621118012424,0.32919254658385094,0.0,161,E01000100
E01000101,0.019867549668874173,0.013245033112582781,0.046357615894039736,0.5629139072847682,0.026490066225165563,0.33112582781456956,0.0,151,E01000101
E01000102,0.011494252873563218,0.028735632183908046,0.05747126436781609,0.5574712643678161,0.017241379310344827,0.3160919540229885,0.011494252873563218,174,E01000102
E01000103,0.005025125628140704,0.01507537688442211,0.10552763819095477,0.4271356783919598,0.20100502512562815,0.23618090452261306,0.010050251256281407,199,E01000103
E01000104,0.0,0.10810810810810811,0.10135135135135136,0.3108108108108108,0.12162162162162163,0.3581081081081081,0.0,148,E01000104
E01000105,0.023809523809523808,0.031746031746031744,0.16666666666666666,0.5,0.05555555555555555,0.21428571428571427,0.007936507936507936,126,E01000105
E01000106,0.06622516556291391,0.10596026490066225,0.09271523178807947,0.271523178807947,0.09271523178807947,0.3576158940397351,0.013245033112582781,151,E01000106
E01000107,0.0,0.018867924528301886,0.04245283018867924,0.6981132075471698,0.014150943396226415,0.22169811320754718,0.0047169811320754715,212,E01000107
E01000108,0.01818181818181818,0.01818181818181818,0.06060606060606061,0.6666666666666666,0.03636363636363636,0.16363636363636364,0.03636363636363636,165,E01000108
E01000109,0.021739130434782608,0.005434782608695652,0.043478260869565216,0.7065217391304348,0.02717391304347826,0.16304347826086957,0.03260869565217391,184,E01000109
E01000110,0.027777777777777776,0.0,0.0625,0.5833333333333334,0.020833333333333332,0.09722222222222222,0.20833333333333334,144,E01000110
E01000111,0.004484304932735426,0.026905829596412557,0.07623318385650224,0.4663677130044843,0.1210762331838565,0.25112107623318386,0.053811659192825115,223,E01000111
E01000112,0.12834224598930483,0.0106951871657754,0.06951871657754011,0.39037433155080214,0.026737967914438502,0.1443850267379679,0.22994652406417113,187,E01000112
E01000113,0.10160427807486631,0.0053475935828877,0.0962566844919786,0.33689839572192515,0.058823529411764705,0.058823529411764705,0.3422459893048128,187,E01000113
E01000114,0.08542713567839195,0.010050251256281407,0.020100502512562814,0.6180904522613065,0.02512562814070352,0.19597989949748743,0.04522613065326633,199,E01000114
E01000115,0.0,0.0,0.0036496350364963502,0.6167883211678832,0.058394160583941604,0.32116788321167883,0.0,274,E01000115
E01000116,0.031161473087818695,0.0113314447592068,0.0,0.603399433427762,0.11898016997167139,0.21529745042492918,0.019830028328611898,353,E01000116
E01000117,0.012422360248447204,0.012422360248447204,0.006211180124223602,0.639751552795031,0.049689440993788817,0.2795031055900621,0.0,322,E01000117
E01000118,0.006430868167202572,0.06109324758842444,0.0,0.6430868167202572,0.04501607717041801,0.2379421221864952,0.006430868167202572,311,E01000118
E01000119,0.0,0.029045643153526972,0.004149377593360996,0.7427385892116183,0.016597510373443983,0.1991701244813278,0.008298755186721992,241,E01000119
E01000120,0.017167381974248927,0.012875536480686695,0.008583690987124463,0.7339055793991416,0.008583690987124463,0.21030042918454936,0.008583690987124463,233,E01000120
E01000121,0.0,0.045454545454545456,0.032467532467532464,0.44805194805194803,0.11038961038961038,0.36363636363636365,0.0,154,E01000121
E01000122,0.0,0.016722408026755852,0.0,0.6722408026755853,0.07023411371237458,0.22408026755852842,0.016722408026755852,299,E01000122
E01000123,0.00423728813559322,0.0,0.00847457627118644,0.4491525423728814,0.2627118644067797,0.1271186440677966,0.1483050847457627,236,E01000123
E01000124,0.08205128205128205,0.07179487179487179,0.03076923076923077,0.22564102564102564,0.2358974358974359,0.17435897435897435,0.1794871794871795,195,E01000124
E01000125,0.024844720496894408,0.049689440993788817,0.16770186335403728,0.39751552795031053,0.13664596273291926,0.2236024844720497,0.0,161,E01000125
E01000126,0.0,0.16363636363636364,0.19090909090909092,0.21818181818181817,0.13636363636363635,0.2909090909090909,0.0,110,E01000126
E01000127,0.0,0.062146892655367235,0.005649717514124294,0.576271186440678,0.12429378531073447,0.23163841807909605,0.0,177,E01000127
E01000128,0.0,0.09745762711864407,0.0,0.5932203389830508,0.11016949152542373,0.19915254237288135,0.0,236,E01000128
E01000129,0.24468085106382978,0.06914893617021277,0.03723404255319149,0.46808510638297873,0.026595744680851064,0.15425531914893617,0.0,188,E01000129
E01000130,0.0,0.1388888888888889,0.027777777777777776,0.4513888888888889,0.0625,0.3194444444444444,0.0,144,E01000130
E01000131,0.005263157894736842,0.021052631578947368,0.02631578947368421,0.631578947368421,0.07894736842105263,0.23157894736842105,0.005263157894736842,190,E01000131
E01000132,0.0,0.08641975308641975,0.0,0.6234567901234568,0.024691358024691357,0.25925925925925924,0.006172839506172839,162,E01000132
E01000133,0.0,0.08854166666666667,0.015625,0.6302083333333334,0.015625,0.25,0.0,192,E01000133
E01000134,0.0,0.10526315789473684,0.05789473684210526,0.48947368421052634,0.06315789473684211,0.28421052631578947,0.0,190,E01000134
E01000135,0.0,0.004219409282700422,0.02531645569620253,0.5569620253164557,0.06329113924050633,0.3291139240506329,0.02109704641350211,237,E01000135
E01000136,0.0037593984962406013,0.04887218045112782,0.011278195488721804,0.5263157894736842,0.16541353383458646,0.22556390977443608,0.018796992481203006,266,E01000136
E01000137,0.019801980198019802,0.16831683168316833,0.06930693069306931,0.27722772277227725,0.009900990099009901,0.3465346534653465,0.10891089108910891,101,E01000137
E01000138,0.0053475935828877,0.0053475935828877,0.0,0.5828877005347594,0.0106951871657754,0.37433155080213903,0.0213903743315508,187,E01000138
E01000139,0.022727272727272728,0.07727272727272727,0.01818181818181818,0.4318181818181818,0.18636363636363637,0.2318181818181818,0.031818181818181815,220,E01000139
E01000140,0.20454545454545456,0.06060606060606061,0.05303030303030303,0.36363636363636365,0.07575757575757576,0.10606060606060606,0.13636363636363635,132,E01000140
E01000141,0.18134715025906736,0.09326424870466321,0.07253886010362694,0.21243523316062177,0.12953367875647667,0.07253886010362694,0.23834196891191708,193,E01000141
E01000142,0.0056179775280898875,0.09550561797752809,0.028089887640449437,0.48314606741573035,0.016853932584269662,0.3089887640449438,0.06179775280898876,178,E01000142
E01000143,0.024,0.016,0.048,0.584,0.032,0.2,0.096,125,E01000143
E01000144,0.09183673469387756,0.025510204081632654,0.05102040816326531,0.6326530612244898,0.01020408163265306,0.17346938775510204,0.015306122448979591,196,E01000144
E01000145,0.005714285714285714,0.03428571428571429,0.005714285714285714,0.6685714285714286,0.02857142857142857,0.2342857142857143,0.022857142857142857,175,E01000145
E01000146,0.24497991967871485,0.01606425702811245,0.0642570281124498,0.4979919678714859,0.01606425702811245,0.14056224899598393,0.020080321285140562,249,E01000146
E01000147,0.029556650246305417,0.009852216748768473,0.009852216748768473,0.7389162561576355,0.024630541871921183,0.18226600985221675,0.0049261083743842365,203,E01000147
E01000148,0.11538461538461539,0.11538461538461539,0.046153846153846156,0.4,0.0,0.18461538461538463,0.13846153846153847,130,E01000148
E01000150,0.03557312252964427,0.05533596837944664,0.011857707509881422,0.4980237154150198,0.09486166007905138,0.30434782608695654,0.0,253,E01000150
E01000151,0.01694915254237288,0.0,0.13559322033898305,0.01694915254237288,0.2711864406779661,0.559322033898305,0.0,59,E01000151
E01000152,0.0,0.03418803418803419,0.05982905982905983,0.09401709401709402,0.3162393162393162,0.49572649572649574,0.0,117,E01000152
E01000153,0.0,0.0784313725490196,0.11764705882352941,0.22549019607843138,0.1568627450980392,0.4215686274509804,0.0,102,E01000153
E01000154,0.0,0.0,0.07272727272727272,0.07272727272727272,0.3090909090909091,0.5454545454545454,0.0,55,E01000154
E01000155,0.03821656050955414,0.09554140127388536,0.16560509554140126,0.3375796178343949,0.09554140127388536,0.24203821656050956,0.025477707006369428,157,E01000155
E01000156,0.09036144578313253,0.05421686746987952,0.024096385542168676,0.6265060240963856,0.0,0.07228915662650602,0.13253012048192772,166,E01000156
E01000157,0.006711409395973154,0.1342281879194631,0.026845637583892617,0.6778523489932886,0.020134228187919462,0.04697986577181208,0.087248322147651,149,E01000157
E01000158,0.0,0.07291666666666667,0.005208333333333333,0.2760416666666667,0.23958333333333334,0.15625,0.25,192,E01000158
E01000159,0.0,0.03278688524590164,0.006557377049180328,0.521311475409836,0.15737704918032788,0.2721311475409836,0.009836065573770493,305,E01000159
E01000160,0.014423076923076924,0.052884615384615384,0.02403846153846154,0.3269230769230769,0.1971153846153846,0.1778846153846154,0.20673076923076922,208,E01000160
E01000161,0.05389221556886228,0.08982035928143713,0.005988023952095809,0.4431137724550898,0.10778443113772455,0.18562874251497005,0.11377245508982035,167,E01000161
E01000162,0.08163265306122448,0.02040816326530612,0.00510204081632653,0.5918367346938775,0.030612244897959183,0.25510204081632654,0.015306122448979591,196,E01000162
E01000163,0.004807692307692308,0.1201923076923077,0.038461538461538464,0.20673076923076922,0.3125,0.3125,0.004807692307692308,208,E01000163
E01000164,0.005319148936170213,0.0851063829787234,0.0026595744680851063,0.17553191489361702,0.3484042553191489,0.3723404255319149,0.010638297872340425,376,E01000164
E01000165,0.005,0.09,0.025,0.425,0.205,0.245,0.005,200,E01000165
E01000166,0.007142857142857143,0.07142857142857142,0.04285714285714286,0.5178571428571429,0.11071428571428571,0.25,0.0,280,E01000166
E01000167,0.0,0.18085106382978725,0.0,0.4148936170212766,0.17375886524822695,0.22340425531914893,0.0070921985815602835,282,E01000167
E01000168,0.0,0.014492753623188406,0.010869565217391304,0.75,0.010869565217391304,0.21014492753623187,0.0036231884057971015,276,E01000168
E01000169,0.0,0.01990049751243781,0.014925373134328358,0.6716417910447762,0.03980099502487562,0.20398009950248755,0.04975124378109453,201,E01000169
E01000170,0.013157894736842105,0.05263157894736842,0.008771929824561403,0.6578947368421053,0.06578947368421052,0.17982456140350878,0.021929824561403508,228,E01000170
E01000171,0.15425531914893617,0.0851063829787234,0.06914893617021277,0.39893617021276595,0.05319148936170213,0.10638297872340426,0.13297872340425532,188,E01000171
E01000172,0.0,0.03333333333333333,0.0,0.57,0.09,0.30666666666666664,0.0,300,E01000172
E01000173,0.008888888888888889,0.022222222222222223,0.017777777777777778,0.7555555555555555,0.03111111111111111,0.16,0.0044444444444444444,225,E01000173
E01000174,0.23026315789473684,0.006578947368421052,0.03289473684210526,0.375,0.013157894736842105,0.07894736842105263,0.2631578947368421,152,E01000174
E01000175,0.0,0.023668639053254437,0.0029585798816568047,0.514792899408284,0.22189349112426035,0.22485207100591717,0.011834319526627219,338,E01000175
E01000176,0.0,0.08333333333333333,0.046875,0.234375,0.3541666666666667,0.18229166666666666,0.09895833333333333,192,E01000176
E01000177,0.018518518518518517,0.043209876543209874,0.08024691358024691,0.2777777777777778,0.04938271604938271,0.12345679012345678,0.4074074074074074,162,E01000177
E01000178,0.047872340425531915,0.05319148936170213,0.010638297872340425,0.42021276595744683,0.031914893617021274,0.0851063829787234,0.35106382978723405,188,E01000178
E01000179,0.0,0.07534246575342465,0.04794520547945205,0.3698630136986301,0.08904109589041095,0.10273972602739725,0.3150684931506849,146,E01000179
E01000180,0.005376344086021506,0.16129032258064516,0.07526881720430108,0.34946236559139787,0.04838709677419355,0.2903225806451613,0.06989247311827956,186,E01000180
E01000181,0.20863309352517986,0.014388489208633094,0.02877697841726619,0.2302158273381295,0.0,0.04316546762589928,0.4748201438848921,139,E01000181
E01000182,0.09090909090909091,0.02097902097902098,0.06293706293706294,0.5174825174825175,0.03496503496503497,0.07692307692307693,0.1958041958041958,143,E01000182
E01000183,0.021645021645021644,0.09523809523809523,0.030303030303030304,0.5064935064935064,0.09956709956709957,0.23376623376623376,0.012987012987012988,231,E01000183
E01000184,0.0113314447592068,0.053824362606232294,0.014164305949008499,0.07365439093484419,0.40226628895184136,0.37677053824362605,0.0679886685552408,353,E01000184
E01000185,0.0,0.3486238532110092,0.1743119266055046,0.14678899082568808,0.06422018348623854,0.26605504587155965,0.0,109,E01000185
E01000186,0.0,0.0,0.0036231884057971015,0.5797101449275363,0.10507246376811594,0.3115942028985507,0.0,276,E01000186
E01000187,0.01818181818181818,0.01818181818181818,0.006060606060606061,0.46060606060606063,0.10303030303030303,0.3939393939393939,0.0,165,E01000187
E01000188,0.0027397260273972603,0.006392694063926941,0.0,0.136986301369863,0.6246575342465753,0.22922374429223744,0.0,1095,E01000188
E01000189,0.0,0.0410958904109589,0.1232876712328767,0.0684931506849315,0.1917808219178082,0.5753424657534246,0.0,73,E01000189
E01000190,0.004424778761061947,0.04424778761061947,0.0,0.5486725663716814,0.048672566371681415,0.35398230088495575,0.0,226,E01000190
E01000191,0.029304029304029304,0.014652014652014652,0.014652014652014652,0.5091575091575091,0.1282051282051282,0.304029304029304,0.0,273,E01000191
E01000192,0.14007782101167315,0.0311284046692607,0.04669260700389105,0.5408560311284046,0.038910505836575876,0.1867704280155642,0.01556420233463035,257,E01000192
E01000193,0.0,0.0,0.03125,0.69375,0.04375,0.20625,0.025,160,E01000193
E01000194,0.1073170731707317,0.014634146341463415,0.024390243902439025,0.6048780487804878,0.03414634146341464,0.2,0.014634146341463415,205,E01000194
E01000195,0.0,0.08,0.03636363636363636,0.16727272727272727,0.38545454545454544,0.33090909090909093,0.0,275,E01000195
E01000196,0.14935064935064934,0.025974025974025976,0.1038961038961039,0.35714285714285715,0.09090909090909091,0.18181818181818182,0.09090909090909091,154,E01000196
E01000197,0.017777777777777778,0.008888888888888889,0.017777777777777778,0.4888888888888889,0.09777777777777778,0.17333333333333334,0.19555555555555557,225,E01000197
E01000198,0.0,0.01567398119122257,0.0219435736677116,0.45141065830721006,0.1536050156739812,0.34796238244514105,0.009404388714733543,319,E01000198
E01000199,0.019230769230769232,0.02403846153846154,0.03365384615384615,0.47596153846153844,0.10096153846153846,0.34615384615384615,0.0,208,E01000199
E01000200,0.0,0.08035714285714286,0.06696428571428571,0.5044642857142857,0.07589285714285714,0.25892857142857145,0.013392857142857142,224,E01000200
E01000201,0.002849002849002849,0.03418803418803419,0.002849002849002849,0.5612535612535613,0.17094017094017094,0.21082621082621084,0.017094017094017096,351,E01000201
E01000202,0.023148148148148147,0.023148148148148147,0.004629629629629629,0.7638888888888888,0.013888888888888888,0.07407407407407407,0.09722222222222222,216,E01000202
E01000203,0.0,0.10600706713780919,0.02120141342756184,0.3992932862190813,0.16607773851590105,0.30742049469964666,0.0,283,E01000203
E01000204,0.023148148148148147,0.009259259259259259,0.009259259259259259,0.5787037037037037,0.08333333333333333,0.2175925925925926,0.0787037037037037,216,E01000204
E01000205,0.0,0.06312292358803986,0.006644518272425249,0.5880398671096345,0.15282392026578073,0.1893687707641196,0.0,301,E01000205
E01000206,0.0,0.10037878787878787,0.001893939393939394,0.2859848484848485,0.35984848484848486,0.2518939393939394,0.0,528,E01000206
E01000207,0.07017543859649122,0.11578947368421053,0.017543859649122806,0.5754385964912281,0.03508771929824561,0.18596491228070175,0.0,285,E01000207
E01000208,0.0,0.06722689075630252,0.0,0.4677871148459384,0.1568627450980392,0.3081232492997199,0.0,357,E01000208
E01000209,0.0,0.040498442367601244,0.012461059190031152,0.7507788161993769,0.06542056074766354,0.1277258566978193,0.003115264797507788,321,E01000209
E01000210,0.003215434083601286,0.028938906752411574,0.00964630225080386,0.5691318327974276,0.15434083601286175,0.2347266881028939,0.0,311,E01000210
E01000211,0.21201413427561838,0.11307420494699646,0.0636042402826855,0.2579505300353357,0.14487632508833923,0.1872791519434629,0.02120141342756184,283,E01000211
E01000212,0.0,0.044897959183673466,0.00816326530612245,0.6285714285714286,0.17959183673469387,0.11836734693877551,0.02040816326530612,245,E01000212
E01000213,0.0,0.08372093023255814,0.004651162790697674,0.5953488372093023,0.09302325581395349,0.22325581395348837,0.0,215,E01000213
E01000214,0.05063291139240506,0.04430379746835443,0.006329113924050633,0.5126582278481012,0.2088607594936709,0.16455696202531644,0.012658227848101266,158,E01000214
E01000215,0.01951219512195122,0.07804878048780488,0.03414634146341464,0.6097560975609756,0.03414634146341464,0.2146341463414634,0.00975609756097561,205,E01000215
E01000216,0.03587443946188341,0.017937219730941704,0.04035874439461883,0.7309417040358744,0.008968609865470852,0.13901345291479822,0.026905829596412557,223,E01000216
E01000217,0.0,0.005434782608695652,0.010869565217391304,0.7989130434782609,0.016304347826086956,0.16304347826086957,0.005434782608695652,184,E01000217
E01000218,0.08783783783783784,0.05405405405405406,0.013513513513513514,0.6554054054054054,0.0,0.12162162162162163,0.06756756756756757,148,E01000218
E01000219,0.0,0.005847953216374269,0.0,0.6374269005847953,0.0935672514619883,0.25146198830409355,0.011695906432748537,171,E01000219
E01000220,0.008264462809917356,0.008264462809917356,0.04132231404958678,0.7520661157024794,0.0,0.15702479338842976,0.03305785123966942,121,E01000220
E01000221,0.006329113924050633,0.04746835443037975,0.006329113924050633,0.14556962025316456,0.2974683544303797,0.49683544303797467,0.0,316,E01000221
E01000222,0.012396694214876033,0.008264462809917356,0.008264462809917356,0.5537190082644629,0.11570247933884298,0.30165289256198347,0.0,242,E01000222
E01000223,0.01384083044982699,0.01384083044982699,0.006920415224913495,0.42214532871972316,0.23183391003460208,0.3044982698961938,0.006920415224913495,289,E01000223
E01000224,0.004830917874396135,0.0,0.01932367149758454,0.7101449275362319,0.07246376811594203,0.18840579710144928,0.004830917874396135,207,E01000224
E01000225,0.0,0.0043859649122807015,0.0043859649122807015,0.6359649122807017,0.10526315789473684,0.25,0.0,228,E01000225
E01000226,0.0,0.04954954954954955,0.0045045045045045045,0.5855855855855856,0.02702702702702703,0.3333333333333333,0.0,222,E01000226
E01000227,0.0,0.0,0.0,0.70042194092827,0.004219409282700422,0.29535864978902954,0.0,237,E01000227
E01000228,0.0,0.021638330757341576,0.0030911901081916537,0.17465224111282843,0.5672333848531684,0.23338485316846985,0.0,647,E01000228
E01000229,0.0,0.0847457627118644,0.025423728813559324,0.559322033898305,0.1483050847457627,0.18220338983050846,0.0,236,E01000229
E01000230,0.02643171806167401,0.013215859030837005,0.022026431718061675,0.5947136563876652,0.06607929515418502,0.2775330396475771,0.0,227,E01000230
E01000231,0.002881844380403458,0.020172910662824207,0.0,0.42363112391930835,0.23054755043227665,0.3227665706051873,0.0,347,E01000231
E01000232,0.0,0.009584664536741214,0.0,0.5878594249201278,0.07667731629392971,0.3258785942492013,0.0,313,E01000232
E01000233,0.04602510460251046,0.029288702928870293,0.016736401673640166,0.5815899581589958,0.016736401673640166,0.30962343096234307,0.0,239,E01000233
E01000234,0.023696682464454975,0.014218009478672985,0.009478672985781991,0.6966824644549763,0.04265402843601896,0.1943127962085308,0.018957345971563982,211,E01000234
E01000235,0.03728813559322034,0.02711864406779661,0.03389830508474576,0.44745762711864406,0.16610169491525423,0.288135593220339,0.0,295,E01000235
E01000236,0.014084507042253521,0.11267605633802817,0.035211267605633804,0.4014084507042254,0.21830985915492956,0.176056338028169,0.04225352112676056,142,E01000236
E01000237,0.08333333333333333,0.10784313725490197,0.029411764705882353,0.4068627450980392,0.049019607843137254,0.29901960784313725,0.024509803921568627,204,E01000237
E01000238,0.0045871559633027525,0.01834862385321101,0.01834862385321101,0.6100917431192661,0.0963302752293578,0.1651376146788991,0.0871559633027523,218,E01000238
E01000239,0.014285714285714285,0.02857142857142857,0.04,0.2057142857142857,0.4514285714285714,0.2571428571428571,0.002857142857142857,350,E01000239
E01000240,0.0,0.0032679738562091504,0.0032679738562091504,0.4117647058823529,0.20588235294117646,0.37254901960784315,0.0032679738562091504,306,E01000240
E01000241,0.0,0.050505050505050504,0.045454545454545456,0.7373737373737373,0.025252525252525252,0.10606060606060606,0.03535353535353535,198,E01000241
E01000242,0.004524886877828055,0.049773755656108594,0.04524886877828054,0.497737556561086,0.17647058823529413,0.22171945701357465,0.004524886877828055,221,E01000242
E01000243,0.16025641025641027,0.02564102564102564,0.07051282051282051,0.4230769230769231,0.038461538461538464,0.09615384615384616,0.1858974358974359,156,E01000243
E01000244,0.07853403141361257,0.06806282722513089,0.015706806282722512,0.4816753926701571,0.09424083769633508,0.16230366492146597,0.09947643979057591,191,E01000244
E01000245,0.16546762589928057,0.18705035971223022,0.15827338129496402,0.2517985611510791,0.014388489208633094,0.1366906474820144,0.08633093525179857,139,E01000245
E01000246,0.0,0.039301310043668124,0.010917030567685589,0.34279475982532753,0.3777292576419214,0.21397379912663755,0.015283842794759825,458,E01000246
E01000247,0.0,0.05945945945945946,0.021621621621621623,0.6378378378378379,0.03783783783783784,0.14594594594594595,0.0972972972972973,185,E01000247
E01000248,0.06666666666666667,0.037037037037037035,0.05925925925925926,0.25925925925925924,0.16296296296296298,0.17407407407407408,0.24074074074074073,270,E01000248
E01000249,0.0031746031746031746,0.02857142857142857,0.025396825396825397,0.47619047619047616,0.26031746031746034,0.11746031746031746,0.08888888888888889,315,E01000249
E01000250,0.14804469273743018,0.0670391061452514,0.07262569832402235,0.4329608938547486,0.05865921787709497,0.1787709497206704,0.04189944134078212,358,E01000250
E01000251,0.0825242718446602,0.16990291262135923,0.05339805825242718,0.49514563106796117,0.019417475728155338,0.10679611650485436,0.07281553398058252,206,E01000251
E01000252,0.0,0.06698564593301436,0.019138755980861243,0.631578947368421,0.07655502392344497,0.12440191387559808,0.08133971291866028,209,E01000252
E01000253,0.0,0.010309278350515464,0.002290950744558992,0.16151202749140894,0.6036655211912944,0.22107674684994272,0.001145475372279496,873,E01000253
E01000254,0.0022123893805309734,0.015486725663716814,0.022123893805309734,0.2079646017699115,0.5199115044247787,0.1261061946902655,0.10619469026548672,452,E01000254
E01000255,0.003067484662576687,0.027607361963190184,0.009202453987730062,0.24846625766871167,0.3312883435582822,0.3773006134969325,0.003067484662576687,326,E01000255
E01000256,0.0,0.016666666666666666,0.0033333333333333335,0.3466666666666667,0.3,0.3333333333333333,0.0,300,E01000256
E01000257,0.00796812749003984,0.06374501992031872,0.0199203187250996,0.23904382470119523,0.3426294820717131,0.3187250996015936,0.00796812749003984,251,E01000257
E01000258,0.0,0.0,0.017605633802816902,0.3591549295774648,0.3274647887323944,0.2852112676056338,0.01056338028169014,284,E01000258
E01000259,0.007633587786259542,0.022900763358778626,0.03816793893129771,0.44083969465648853,0.2729007633587786,0.21564885496183206,0.0019083969465648854,524,E01000259
E01000260,0.01026694045174538,0.01642710472279261,0.01642710472279261,0.24435318275154005,0.3737166324435318,0.3347022587268994,0.004106776180698152,487,E01000260
E01000261,0.0,0.011627906976744186,0.009302325581395349,0.39069767441860465,0.3627906976744186,0.21627906976744185,0.009302325581395349,430,E01000261
E01000262,0.0,0.013245033112582781,0.011589403973509934,0.25,0.5331125827814569,0.19039735099337748,0.0016556291390728477,604,E01000262
E01000263,0.0,0.008695652173913044,0.0,0.518840579710145,0.15942028985507245,0.3130434782608696,0.0,345,E01000263
E01000264,0.13513513513513514,0.021621621621621623,0.01891891891891892,0.3027027027027027,0.20540540540540542,0.31351351351351353,0.002702702702702703,370,E01000264
E01000265,0.016483516483516484,0.04395604395604396,0.04945054945054945,0.5824175824175825,0.01098901098901099,0.24175824175824176,0.054945054945054944,182,E01000265
E01000266,0.0,0.0037174721189591076,0.0,0.5576208178438662,0.12639405204460966,0.30855018587360594,0.0037174721189591076,269,E01000266
E01000267,0.015748031496062992,0.011811023622047244,0.0,0.7401574803149606,0.04330708661417323,0.1889763779527559,0.0,254,E01000267
E01000268,0.06842105263157895,0.1,0.021052631578947368,0.5578947368421052,0.05263157894736842,0.2,0.0,190,E01000268
E01000269,0.0,0.027210884353741496,0.0,0.5986394557823129,0.05442176870748299,0.3163265306122449,0.003401360544217687,294,E01000269
E01000270,0.0,0.09392265193370165,0.016574585635359115,0.5248618784530387,0.11049723756906077,0.2541436464088398,0.0,181,E01000270
E01000271,0.013289036544850499,0.016611295681063124,0.009966777408637873,0.5348837209302325,0.07973421926910298,0.34551495016611294,0.0,301,E01000271
E01000272,0.0,0.04219409282700422,0.004219409282700422,0.6708860759493671,0.11392405063291139,0.16877637130801687,0.0,237,E01000272
E01000273,0.016216216216216217,0.08648648648648649,0.03783783783783784,0.5243243243243243,0.043243243243243246,0.2810810810810811,0.010810810810810811,185,E01000273
E01000274,0.012145748987854251,0.016194331983805668,0.012145748987854251,0.7854251012145749,0.020242914979757085,0.12550607287449392,0.02834008097165992,247,E01000274
E01000275,0.0,0.0945273631840796,0.0,0.5074626865671642,0.0945273631840796,0.2935323383084577,0.009950248756218905,201,E01000275
E01000276,0.0,0.024691358024691357,0.0,0.7078189300411523,0.07818930041152264,0.18930041152263374,0.0,243,E01000276
E01000277,0.0,0.09923664122137404,0.04580152671755725,0.5343511450381679,0.11450381679389313,0.19083969465648856,0.015267175572519083,131,E01000277
E01000278,0.004329004329004329,0.021645021645021644,0.0,0.6277056277056277,0.05627705627705628,0.2857142857142857,0.004329004329004329,231,E01000278
E01000279,0.0,0.0107095046854083,0.0013386880856760374,0.14323962516733602,0.6639892904953146,0.18072289156626506,0.0,747,E01000279
E01000280,0.006600660066006601,0.013201320132013201,0.0,0.5511551155115512,0.2145214521452145,0.2145214521452145,0.0,303,E01000280
E01000281,0.11888111888111888,0.06993006993006994,0.14685314685314685,0.14685314685314685,0.06993006993006994,0.4195804195804196,0.027972027972027972,143,E01000281
